
table =

  5×2 table

    Var1    Var2 
    ____    _____

    0.02      719
    0.03    320.1
    0.04    179.9
    0.05      115
    0.06       80


table_ =

    0.0200  719.0000
    0.0300  320.1000
    0.0400  179.9000
    0.0500  115.0000
    0.0600   80.0000


x =

    0.0200
    0.0300
    0.0400
    0.0500
    0.0600


y =

  719.0000
  320.1000
  179.9000
  115.0000
   80.0000


x =

   -3.9120
   -3.5066
   -3.2189
   -2.9957
   -2.8134


y =

    6.5779
    5.7686
    5.1924
    4.7449
    4.3820


n =

     5


sx =

  -16.4466


sy =

   26.6659


xx =

   15.3039
   12.2959
   10.3612
    8.9744
    7.9153


sxx =

   54.8507


yy =

   43.2683
   33.2771
   26.9610
   22.5144
   19.2022


syy =

  145.2230


xy =

  -25.7327
  -20.2280
  -16.7137
  -14.2145
  -12.3284


sxy =

  -89.2175


D1 =

    3.7630


D2 =

   15.0470


A =

   -1.2444


B =

   -1.9997


Y =

    6.5784
    5.7676
    5.1923
    4.7461
    4.3815


d =

   -0.0005
    0.0011
    0.0001
   -0.0012
    0.0005


dd =

   1.0e-05 *

    0.0260
    0.1120
    0.0009
    0.1346
    0.0267


sdd =

   3.0032e-06


s2 =

   1.0011e-06


sA =

    0.0038


sB =

    0.0012


EA =

    0.3070


EB =

    0.0577


R =

   -1.0000


e =

    2.7183


a =

    0.2881


b =

   -1.9997


sa =

    0.0011


sb =

    0.0012


Ea =

    0.3820


Eb =

   -0.0577


q1 =

   4.2000e-06


q2 =

   7.8900e-06


e0 =

   9.1526e-12


ee0 =

   3.4962e-14


Ee0 =

    0.3820

>> 