
table =

  29×11 table

    Var1    Var2    Var3     Var4     Var5     Var6     Var7     Var8     Var9     Var10    Var11
    ____    ____    _____    _____    _____    _____    _____    _____    _____    _____    _____

     50     6.38    12.75    19.13    25.51    31.89    38.26    44.64    51.02    57.39    63.77
     60     3.93     7.85    11.78    15.71    19.63    23.56    27.49    31.41    35.34    39.27
     70     2.49     4.98     7.47     9.95    12.44    14.93    17.42    19.91     22.4    24.89
     80     1.68     3.35     5.03      6.7     8.38    10.05    11.73     13.4    15.08    16.75
     90     1.22     2.43     3.65     4.87     6.09      7.3     8.52     9.74    10.95    12.17
    100     0.89     1.77     2.66     3.55     4.44     5.32     6.21      7.1     7.99     8.87
    110     0.67     1.33        2     2.67     3.33        4     4.67     5.33        6     6.67
    120     0.51     1.03     1.54     2.05     2.57     3.08     3.59     4.11     4.62     5.13
    130      0.4     0.81     1.21     1.62     2.02     2.42     2.83     3.23     3.63     4.04
    140     0.32     0.65     0.97     1.29     1.62     1.94     2.26     2.59     2.91     3.23
    150     0.26     0.53     0.79     1.05     1.31     1.58     1.84      2.1     2.37     2.63
    160     0.22     0.43     0.65     0.87     1.08      1.3     1.52     1.73     1.95     2.17
    170     0.18     0.36     0.54     0.72      0.9     1.08     1.26     1.44     1.63     1.81
    180     0.15     0.31     0.46     0.62     0.77     0.93     1.08     1.24     1.39     1.54
    190     0.13     0.26     0.39     0.52     0.66     0.79     0.92     1.05     1.18     1.31
    200     0.11     0.22     0.33     0.44     0.55     0.67     0.78     0.89        1     1.11
    210      0.1     0.19     0.29     0.39     0.49     0.58     0.68     0.78     0.87     0.97
    220     0.08     0.17     0.25     0.34     0.42     0.51     0.59     0.67     0.76     0.84
    230     0.07     0.15     0.22      0.3     0.37     0.44     0.52     0.59     0.66     0.74
    240     0.06     0.13     0.19     0.26     0.32     0.39     0.45     0.52     0.58     0.65
    250     0.06     0.11     0.17     0.23     0.29     0.34      0.4     0.46     0.52     0.57
    260     0.05      0.1     0.15      0.2     0.26     0.31     0.36     0.41     0.46     0.51
    270     0.05     0.09     0.14     0.18     0.23     0.27     0.32     0.36     0.41     0.46
    280     0.04     0.08     0.12     0.16     0.21     0.25     0.29     0.33     0.37     0.41
    290     0.04     0.07     0.11     0.15     0.19     0.22     0.26      0.3     0.33     0.37
    300     0.03     0.07      0.1     0.13     0.17      0.2     0.23     0.27      0.3     0.33
    310     0.03     0.06     0.09     0.12     0.15     0.18     0.21     0.24     0.28     0.31
    320     0.03     0.06     0.08     0.11     0.14     0.17     0.19     0.22     0.25     0.28
    330     0.03     0.05     0.08      0.1     0.13     0.15     0.18      0.2     0.23     0.25


table_ =

   50.0000    6.3800   12.7500   19.1300   25.5100   31.8900   38.2600   44.6400   51.0200   57.3900   63.7700
   60.0000    3.9300    7.8500   11.7800   15.7100   19.6300   23.5600   27.4900   31.4100   35.3400   39.2700
   70.0000    2.4900    4.9800    7.4700    9.9500   12.4400   14.9300   17.4200   19.9100   22.4000   24.8900
   80.0000    1.6800    3.3500    5.0300    6.7000    8.3800   10.0500   11.7300   13.4000   15.0800   16.7500
   90.0000    1.2200    2.4300    3.6500    4.8700    6.0900    7.3000    8.5200    9.7400   10.9500   12.1700
  100.0000    0.8900    1.7700    2.6600    3.5500    4.4400    5.3200    6.2100    7.1000    7.9900    8.8700
  110.0000    0.6700    1.3300    2.0000    2.6700    3.3300    4.0000    4.6700    5.3300    6.0000    6.6700
  120.0000    0.5100    1.0300    1.5400    2.0500    2.5700    3.0800    3.5900    4.1100    4.6200    5.1300
  130.0000    0.4000    0.8100    1.2100    1.6200    2.0200    2.4200    2.8300    3.2300    3.6300    4.0400
  140.0000    0.3200    0.6500    0.9700    1.2900    1.6200    1.9400    2.2600    2.5900    2.9100    3.2300
  150.0000    0.2600    0.5300    0.7900    1.0500    1.3100    1.5800    1.8400    2.1000    2.3700    2.6300
  160.0000    0.2200    0.4300    0.6500    0.8700    1.0800    1.3000    1.5200    1.7300    1.9500    2.1700
  170.0000    0.1800    0.3600    0.5400    0.7200    0.9000    1.0800    1.2600    1.4400    1.6300    1.8100
  180.0000    0.1500    0.3100    0.4600    0.6200    0.7700    0.9300    1.0800    1.2400    1.3900    1.5400
  190.0000    0.1300    0.2600    0.3900    0.5200    0.6600    0.7900    0.9200    1.0500    1.1800    1.3100
  200.0000    0.1100    0.2200    0.3300    0.4400    0.5500    0.6700    0.7800    0.8900    1.0000    1.1100
  210.0000    0.1000    0.1900    0.2900    0.3900    0.4900    0.5800    0.6800    0.7800    0.8700    0.9700
  220.0000    0.0800    0.1700    0.2500    0.3400    0.4200    0.5100    0.5900    0.6700    0.7600    0.8400
  230.0000    0.0700    0.1500    0.2200    0.3000    0.3700    0.4400    0.5200    0.5900    0.6600    0.7400
  240.0000    0.0600    0.1300    0.1900    0.2600    0.3200    0.3900    0.4500    0.5200    0.5800    0.6500
  250.0000    0.0600    0.1100    0.1700    0.2300    0.2900    0.3400    0.4000    0.4600    0.5200    0.5700
  260.0000    0.0500    0.1000    0.1500    0.2000    0.2600    0.3100    0.3600    0.4100    0.4600    0.5100
  270.0000    0.0500    0.0900    0.1400    0.1800    0.2300    0.2700    0.3200    0.3600    0.4100    0.4600
  280.0000    0.0400    0.0800    0.1200    0.1600    0.2100    0.2500    0.2900    0.3300    0.3700    0.4100
  290.0000    0.0400    0.0700    0.1100    0.1500    0.1900    0.2200    0.2600    0.3000    0.3300    0.3700
  300.0000    0.0300    0.0700    0.1000    0.1300    0.1700    0.2000    0.2300    0.2700    0.3000    0.3300
  310.0000    0.0300    0.0600    0.0900    0.1200    0.1500    0.1800    0.2100    0.2400    0.2800    0.3100
  320.0000    0.0300    0.0600    0.0800    0.1100    0.1400    0.1700    0.1900    0.2200    0.2500    0.2800
  330.0000    0.0300    0.0500    0.0800    0.1000    0.1300    0.1500    0.1800    0.2000    0.2300    0.2500


x =

    50
    60
    70
    80
    90
   100
   110
   120
   130
   140
   150
   160
   170
   180
   190
   200
   210
   220
   230
   240
   250
   260
   270
   280
   290
   300
   310
   320
   330


y0 =

   63.7700
   39.2700
   24.8900
   16.7500
   12.1700
    8.8700
    6.6700
    5.1300
    4.0400
    3.2300
    2.6300
    2.1700
    1.8100
    1.5400
    1.3100
    1.1100
    0.9700
    0.8400
    0.7400
    0.6500
    0.5700
    0.5100
    0.4600
    0.4100
    0.3700
    0.3300
    0.3100
    0.2800
    0.2500


r =

    19


x =

    7.9589
    8.2843
    8.5681
    8.8189
    9.0432
    9.2458
    9.4304
    9.5997
    9.7562
    9.9015
   10.0372
   10.1644
   10.2840
   10.3970
   10.5040
   10.6056
   10.7024
   10.7947
   10.8830
   10.9675
   11.0487
   11.1267
   11.2018
   11.2742
   11.3440
   11.4116
   11.4769
   11.5402
   11.6015


y0 =

    4.1553
    3.6705
    3.2145
    2.8184
    2.4990
    2.1827
    1.8976
    1.6351
    1.3962
    1.1725
    0.9670
    0.7747
    0.5933
    0.4318
    0.2700
    0.1044
   -0.0305
   -0.1744
   -0.3011
   -0.4308
   -0.5621
   -0.6733
   -0.7765
   -0.8916
   -0.9943
   -1.1087
   -1.1712
   -1.2730
   -1.3863


