>> p1_3.m

x =

  Columns 1 through 14

   26.8000   27.8000   27.3000   25.3000   24.7000   25.5000   27.1000   30.4000   25.0000
   25.0000   27.5000   24.0000   31.7000   26.8000

  Columns 15 through 28

   27.6000   25.6000   27.1000   25.2000   29.8000   26.3000   29.0000   28.0000   28.6000
   31.1000   28.7000   30.7000   28.1000   30.0000

  Columns 29 through 30

   32.3000   25.5000

n = 30
S = 828.5000
m = 27.6167

d =

  Columns 1 through 14

   -0.8167    0.1833   -0.3167   -2.3167   -2.9167   -2.1167   -0.5167    2.7833   -2.6167
   -2.6167   -0.1167   -3.6167    4.0833   -0.8167

  Columns 15 through 28

   -0.0167   -2.0167   -0.5167   -2.4167    2.1833   -1.3167    1.3833    0.3833    0.9833
   3.4833    1.0833    3.0833    0.4833    2.3833

  Columns 29 through 30

    4.6833   -2.1167

d2 =

  Columns 1 through 14

    0.6669    0.0336    0.1003    5.3669    8.5069    4.4803    0.2669    7.7469    6.8469
    6.8469    0.0136   13.0803   16.6736    0.6669

  Columns 15 through 28

    0.0003    4.0669    0.2669    5.8403    4.7669    1.7336    1.9136    0.1469    0.9669
    12.1336    1.1736    9.5069    0.2336    5.6803

  Columns 29 through 30

   21.9336    4.4803

S2 = 146.1417
s = 0.4099
P = 0.1000
e = 0.4099
E = 1.4841
