>> p1_5.m

x =

  Columns 1 through 14

    9.8171    9.7927    9.8116    9.7834    9.7835    9.8316    9.7927    9.8304    9.7969
    9.7678    9.7338    9.8094    9.9700    9.7969

  Columns 15 through 28

    9.5951    9.7448    9.7952    9.7913    9.6635    9.8145    9.7254    9.7533    9.7943
    9.7682    9.6722    9.7603    9.8135    9.7913

  Columns 29 through 30

    9.7124    9.7172

n = 30
S = 293.2303
m = 9.7743

d =

  Columns 1 through 14

    0.0428    0.0184    0.0373    0.0091    0.0092    0.0573    0.0184    0.0561    0.0226
    -0.0065   -0.0405    0.0351    0.1957    0.0226

  Columns 15 through 28

   -0.1792   -0.0295    0.0209    0.0170   -0.1108    0.0402   -0.0489   -0.0210    0.0200
   -0.0061   -0.1021   -0.0140    0.0392    0.0170

  Columns 29 through 30

   -0.0619   -0.0571

d2 =

  Columns 1 through 14

    0.0018    0.0003    0.0014    0.0001    0.0001    0.0033    0.0003    0.0031    0.0005
    0.0000    0.0016    0.0012    0.0383    0.0005

  Columns 15 through 28

    0.0321    0.0009    0.0004    0.0003    0.0123    0.0016    0.0024    0.0004    0.0004
    0.0000    0.0104    0.0002    0.0015    0.0003

  Columns 29 through 30

    0.0038    0.0033

S2 = 0.1231
s = 0.0119
P = 0.0001
e = 0.0119
E = 0.1217
