>> p1_1.m

x =

  Columns 1 through 14

    3.9900    3.9000    3.8600    4.0200    3.9000    3.9600    3.8600    4.0900    4.0700
    4.0200    3.9900    3.9100    3.9500    3.9700

  Columns 15 through 28

    3.9000    3.9300    3.8800    4.0400    3.9700    3.9000    3.8400    4.1100    3.8100
    4.0400    3.9700    4.0700    3.9200    3.8700

  Columns 29 through 30

    4.0000    3.8500

n = 30
S = 118.5900
m = 3.9530

d =

  Columns 1 through 14

    0.0370   -0.0530   -0.0930    0.0670   -0.0530    0.0070   -0.0930    0.1370    0.1170
    0.0670    0.0370   -0.0430   -0.0030    0.0170

  Columns 15 through 28

   -0.0530   -0.0230   -0.0730    0.0870    0.0170   -0.0530   -0.1130    0.1570   -0.1430
   0.0870    0.0170    0.1170   -0.0330   -0.0830

  Columns 29 through 30

    0.0470   -0.1030

d2 =

  Columns 1 through 14

    0.0014    0.0028    0.0086    0.0045    0.0028    0.0000    0.0086    0.0188    0.0137
    0.0045    0.0014    0.0018    0.0000    0.0003

  Columns 15 through 28

    0.0028    0.0005    0.0053    0.0076    0.0003    0.0028    0.0128    0.0246    0.0204
    0.0076    0.0003    0.0137    0.0011    0.0069

  Columns 29 through 30

    0.0022    0.0106

S2 = 0.1888
s = 0.0147
P = 0.0100
e = 0.0147
E = 0.3727
