>> p1_2.m

x =

  Columns 1 through 14

   54.4000   63.7000   65.1000   49.0000   58.1000   64.0000   67.1000   72.2000   47.7000
   48.1000   60.9000   43.6000   72.6000   61.1000

  Columns 15 through 28

   64.9000   58.6000   64.5000   59.4000   69.1000   64.2000   69.1000   58.3000   67.7000
   68.4000   56.8000   57.7000   63.7000   67.2000

  Columns 29 through 30

   70.8000   57.6000

n = 30
S = 1.8456e+03
m = 61.5200

d =

  Columns 1 through 14

   -7.1200    2.1800    3.5800  -12.5200   -3.4200    2.4800    5.5800   10.6800  -13.8200
   -13.4200   -0.6200  -17.9200   11.0800   -0.4200

  Columns 15 through 28

    3.3800   -2.9200    2.9800   -2.1200    7.5800    2.6800    7.5800   -3.2200    6.1800
    6.8800   -4.7200   -3.8200    2.1800    5.6800

  Columns 29 through 30

    9.2800   -3.9200

d2 =

  Columns 1 through 14

   50.6944    4.7524   12.8164  156.7504   11.6964    6.1504   31.1364  114.0624  190.9924
   180.0964    0.3844  321.1264  122.7664    0.1764

  Columns 15 through 28

   11.4244    8.5264    8.8804    4.4944   57.4564    7.1824   57.4564   10.3684   38.1924
   47.3344   22.2784   14.5924    4.7524   32.2624

  Columns 29 through 30

   86.1184   15.3664

S2 = 1.6303e+03
s = 1.3689
P = 0.1000
e = 1.3689
E = 2.2251
