>> p4_3_2

table =

  13x2 table

    Var1     Var2 
    ____    ______

     30     109.82
     35     111.71
     40      113.6
     45     115.49
     50     117.38
     55     119.27
     60     121.16
     65     123.05
     70     124.94
     75     126.83
     80     128.72
     85     130.61
     90      132.5

x =
    30
    35
    40
    45
    50
    55
    60
    65
    70
    75
    80
    85
    90

y =
  109.8200
  111.7100
  113.6000
  115.4900
  117.3800
  119.2700
  121.1600
  123.0500
  124.9400
  126.8300
  128.7200
  130.6100
  132.5000

n = 13
sx = 780
sy = 1.5751e+03
sxx = 51350
sxy = 9.6225e+04
D = 59150
A = 98.4800
B = 0.3780

Y =
  109.8200
  111.7100
  113.6000
  115.4900
  117.3800
  119.2700
  121.1600
  123.0500
  124.9400
  126.8300
  128.7200
  130.6100
  132.5000

d =
   1.0e-12 *

    0.1421
    0.1279
    0.1137
    0.0995
    0.0853
    0.0711
    0.0568
    0.0426
    0.0284
    0.0142
         0
         0
   -0.0284

sdd = 7.8558e-26
s2 = 7.1416e-27
sA = 7.8739e-14
sB = 1.2528e-15
EA = 7.9955e-14
EB = 3.3144e-13