>> p4_4_2

table =

  30x2 table

    Var1    Var2
    ____    ____

    0.12     0.7
    0.15    0.77
    0.18    0.84
    0.21    0.91
    0.24    0.98
    0.27    1.04
     0.3     1.1
    0.33    1.15
    0.36     1.2
    0.39    1.26
    0.42     1.3
    0.45    1.34
    0.48    1.39
    0.51    1.43
    0.54    1.47
    0.57    1.51
     0.6    1.56
    0.63    1.59
    0.66    1.63
    0.69    1.66
    0.72     1.7
    0.75    1.75
    0.78    1.77
    0.81     1.8
    0.84    1.84
    0.87    1.87
     0.9     1.9
    0.93    1.94
    0.96    1.97
    0.99       2

x =
   -0.8239
   -0.7447
   -0.6778
   -0.6198
   -0.5686
   -0.5229
   -0.4815
   -0.4437
   -0.4089
   -0.3768
   -0.3468
   -0.3188
   -0.2924
   -0.2676
   -0.2441
   -0.2218
   -0.2007
   -0.1805
   -0.1612
   -0.1427
   -0.1249
   -0.1079
   -0.0915
   -0.0757
   -0.0605
   -0.0458
   -0.0315
   -0.0177
   -0.0044

y =
   -0.1135
   -0.0757
   -0.0410
   -0.0088
    0.0170
    0.0414
    0.0607
    0.0792
    0.1004
    0.1139
    0.1271
    0.1430
    0.1553
    0.1673
    0.1790
    0.1931
    0.2014
    0.2122
    0.2201
    0.2304
    0.2430
    0.2480
    0.2553
    0.2648
    0.2718
    0.2788
    0.2878
    0.2945
    0.3010

n = 29
sx = -8.6050
sy = 4.4477
sxx = 4.0670
sxy = -0.5553
D = 43.8965
A = 0.3032
B = 0.5050

Y =
   -0.1129
   -0.0729
   -0.0391
   -0.0098
    0.0161
    0.0392
    0.0601
    0.0791
    0.0967
    0.1130
    0.1281
    0.1422
    0.1555
    0.1681
    0.1799
    0.1912
    0.2019
    0.2121
    0.2218
    0.2312
    0.2401
    0.2487
    0.2570
    0.2650
    0.2727
    0.2801
    0.2873
    0.2943
    0.3010

d =
   -0.0007
   -0.0029
   -0.0019
    0.0010
    0.0010
    0.0022
    0.0006
    0.0000
    0.0037
    0.0010
   -0.0010
    0.0008
   -0.0002
   -0.0008
   -0.0010
    0.0019
   -0.0005
    0.0001
   -0.0017
   -0.0007
    0.0029
   -0.0007
   -0.0017
   -0.0002
   -0.0008
   -0.0014
    0.0005
    0.0002
    0.0000

sdd = 5.9406e-05
s2 = 2.2002e-06
sA = 4.5150e-04
sB = 0.0012
EA = 0.1489
EB = 0.2387
a = 2.0101
b = 0.5050
sa = 0.0021
sb = 0.0012
Ea = 0.1040
Eb = 0.2387