>> p3

table =

  8x2 table

    Var1     Var2 
    ____    ______

    1.4     550.26
      2     269.63
      3     119.83
    4.2      61.14
      5      43.14
    5.6     34.391
    6.4     26.331
    7.8     17.727

x =
    0.1461
    0.3010
    0.4771
    0.6232
    0.6990
    0.7482
    0.8062
    0.8921

y =

    2.7406
    2.4308
    2.0786
    1.7863
    1.6349
    1.5364
    1.4205
    1.2486

n = 8
sx = 4.6930
sy = 14.8767
sxx = 3.2222
sxy = 7.7886
D = 3.7534
A = 3.0328
B = -2.0000

Y =
    2.7406
    2.4308
    2.0786
    1.7863
    1.6349
    1.5364
    1.4205
    1.2486

d =
   1.0e-05 *

    0.0183
    0.0805
   -0.0357
    0.0798
   -0.3221
   -0.2612
    0.3714
    0.0689

sdd = 3.2909e-11
s2 = 5.4849e-12
sA = 2.1699e-06
sB = 3.4191e-06
EA = 7.1548e-05
EB = -1.7096e-04
a = 1.0785e+03
b = -2.0000
sa = 0.0054
sb = 3.4191e-06
Ea = 4.9964e-04
Eb = -1.7096e-04
