
table =

  10×2 table

    Var1    Var2
    ____    ____

     30      2.8
     34     2.79
     38     2.76
     42     2.72
     46      2.7
     50     2.68
     54     2.66
     58     2.64
     62     2.64
     66      2.6


table_ =

   30.0000    2.8000
   34.0000    2.7900
   38.0000    2.7600
   42.0000    2.7200
   46.0000    2.7000
   50.0000    2.6800
   54.0000    2.6600
   58.0000    2.6400
   62.0000    2.6400
   66.0000    2.6000


x =

    30
    34
    38
    42
    46
    50
    54
    58
    62
    66


y =

    2.8000
    2.7900
    2.7600
    2.7200
    2.7000
    2.6800
    2.6600
    2.6400
    2.6400
    2.6000


x_A =

    0.0300
    0.0340
    0.0380
    0.0420
    0.0460
    0.0500
    0.0540
    0.0580
    0.0620
    0.0660


y_V =

    2.8000
    2.7900
    2.7600
    2.7200
    2.7000
    2.6800
    2.6600
    2.6400
    2.6400
    2.6000


x =

    0.0300
    0.0340
    0.0380
    0.0420
    0.0460
    0.0500
    0.0540
    0.0580
    0.0620
    0.0660


y =

    2.8000
    2.7900
    2.7600
    2.7200
    2.7000
    2.6800
    2.6600
    2.6400
    2.6400
    2.6000


n =

    10


sx =

    0.4800


sy =

   26.9900


xx =

    0.0009
    0.0012
    0.0014
    0.0018
    0.0021
    0.0025
    0.0029
    0.0034
    0.0038
    0.0044


sxx =

    0.0244


yy =

    7.8400
    7.7841
    7.6176
    7.3984
    7.2900
    7.1824
    7.0756
    6.9696
    6.9696
    6.7600


syy =

   72.8873


xy =

    0.0840
    0.0949
    0.1049
    0.1142
    0.1242
    0.1340
    0.1436
    0.1531
    0.1637
    0.1716


sxy =

    1.2882


D1 =

    0.0132


D2 =

    0.4129


A =

    2.9645


B =

   -5.5303


Y =

    2.7985
    2.7764
    2.7543
    2.7322
    2.7101
    2.6879
    2.6658
    2.6437
    2.6216
    2.5995


d =

    0.0015
    0.0136
    0.0057
   -0.0122
   -0.0101
   -0.0079
   -0.0058
   -0.0037
    0.0184
    0.0005


dd =

   1.0e-03 *

    0.0021
    0.1843
    0.0325
    0.1484
    0.1012
    0.0630
    0.0339
    0.0137
    0.3395
    0.0003


sdd =

   9.1879e-04


s2 =

   1.1485e-04


sA =

    0.0146


sB =

    0.2950


EA =

    0.4911


EB =

    5.3337


R =

   -0.9888


ICC =

    0.5360

>> 